"easting" "northing" "band1" "band2" "band3" "band4" "band5" "band6" "band7"
1 1 81 37 42 66 102 132 45
1 2 80 35 41 62 92 132 41
1 3 79 33 38 59 94 132 41
1 4 81 36 43 67 100 131 44
1 5 79 34 37 82 92 131 36
1 6 75 31 29 102 90 131 31
1 7 75 32 29 105 90 131 31
1 8 73 33 30 106 92 132 33
1 9 77 34 34 98 102 132 40
1 10 78 35 36 96 110 132 43
1 11 82 37 38 96 113 134 44
1 12 81 37 38 94 111 134 44
1 13 81 37 38 86 107 134 46
1 14 81 36 41 73 96 134 47
1 15 83 37 43 61 85 134 45
1 16 82 35 35 61 82 134 39
1 17 78 32 32 72 89 133 36
1 18 78 31 34 69 100 137 42
1 19 80 35 40 76 116 145 50
1 20 81 35 40 77 114 145 49
1 21 80 35 39 79 110 145 46
1 22 80 36 38 79 107 141 44
1 23 79 35 38 81 105 138 42
1 24 76 35 38 78 102 138 42
1 25 76 34 36 76 89 138 38
1 26 78 35 38 66 69 115 32
1 27 72 29 32 44 22 114 14
1 28 64 22 21 19 12 115 7
1 29 65 21 19 17 12 116 8
1 30 65 22 19 16 17 112 8
2 1 80 37 41 65 98 132 44
2 2 78 35 40 62 92 132 41
2 3 79 32 37 58 92 132 40
2 4 81 35 42 65 101 131 44
2 5 82 36 40 74 94 131 37
2 6 77 32 31 98 91 131 31
2 7 74 32 29 104 92 131 33
2 8 76 35 32 98 96 132 39
2 9 79 36 36 90 106 132 44
2 10 79 35 38 85 110 132 45
2 11 78 36 39 81 112 133 48
2 12 82 38 42 77 109 133 51
2 13 85 40 45 71 104 132 53
2 14 88 41 49 61 106 131 59
2 15 87 42 51 66 97 132 52
2 16 77 33 32 73 81 133 36
2 17 75 31 30 78 86 133 34
2 18 75 31 30 71 87 133 38
2 19 77 32 36 65 104 145 44
2 20 80 35 39 72 112 145 48
2 21 79 36 38 77 111 145 45
2 22 78 36 38 77 106 143 45
2 23 77 36 37 77 102 137 42
2 24 78 35 38 79 104 135 42
2 25 78 35 38 81 104 134 42
2 26 79 36 38 78 92 122 41
2 27 80 35 39 64 57 117 29
2 28 70 27 26 31 21 117 10
2 29 64 22 20 18 13 117 6
2 30 64 22 20 16 12 112 6
3 1 81 37 41 64 97 132 44
3 2 80 36 41 62 93 132 42
3 3 79 33 40 59 91 132 40
3 4 77 33 40 60 96 131 42
3 5 80 34 39 67 97 131 42
3 6 80 35 37 80 101 131 43
3 7 78 36 38 84 101 131 43
3 8 80 36 36 80 100 132 44
3 9 81 36 38 75 101 132 44
3 10 79 35 39 66 96 132 43
3 11 79 34 37 71 98 132 41
3 12 81 36 38 79 100 130 43
3 13 84 37 38 78 97 130 45
3 14 89 38 42 71 104 130 50
3 15 88 38 45 66 103 132 50
3 16 79 35 36 76 90 133 38
3 17 74 33 31 91 91 133 34
3 18 76 33 29 92 98 133 39
3 19 76 34 37 76 100 142 45
3 20 80 35 39 74 109 142 48
3 21 80 36 40 78 109 140 46
3 22 81 36 40 74 102 138 43
3 23 77 35 37 70 99 132 41
3 24 78 36 38 79 106 132 44
3 25 78 36 38 81 107 132 44
3 26 78 35 38 81 99 126 41
3 27 80 35 37 69 76 117 34
3 28 74 29 30 41 35 117 17
3 29 66 23 21 21 12 117 6
3 30 65 22 18 16 11 113 6
4 1 80 36 41 65 95 132 44
4 2 80 36 41 64 93 132 42
4 3 79 33 40 59 87 132 37
4 4 78 33 40 61 89 133 40
4 5 78 34 40 62 94 132 42
4 6 80 33 38 63 98 133 42
4 7 81 34 38 67 98 133 43
4 8 79 35 38 68 94 132 44
4 9 81 35 37 65 92 132 44
4 10 78 34 36 70 92 132 37
4 11 74 31 30 84 90 132 34
4 12 74 33 31 92 93 130 35
4 13 76 34 30 90 88 130 35
4 14 74 33 32 85 88 130 36
4 15 77 33 33 75 85 131 38
4 16 78 34 35 73 87 133 37
4 17 76 34 31 94 94 133 34
4 18 75 33 30 98 101 133 37
4 19 78 34 35 82 105 137 44
4 20 79 35 38 72 112 139 49
4 21 80 34 41 76 115 139 50
4 22 81 36 42 74 104 139 47
4 23 77 35 40 68 98 133 43
4 24 78 35 38 77 108 132 45
4 25 79 35 38 81 109 132 44
4 26 78 33 35 75 101 130 41
4 27 77 32 33 63 78 117 34
4 28 78 33 34 53 52 117 27
4 29 73 30 29 38 21 117 14
4 30 65 22 19 18 12 115 7
5 1 81 36 41 66 97 137 43
5 2 82 36 41 66 98 139 43
5 3 78 34 40 63 87 140 40
5 4 79 33 41 63 93 139 42
5 5 81 36 42 67 95 133 42
5 6 78 33 38 62 90 133 43
5 7 80 35 39 68 97 133 45
5 8 80 35 38 69 93 133 44
5 9 78 35 36 69 91 132 41
5 10 76 33 32 79 92 132 36
5 11 73 32 29 88 92 132 34
5 12 73 32 30 93 94 130 33
5 13 74 34 29 94 90 130 33
5 14 74 33 29 93 90 130 34
5 15 74 33 30 92 89 130 35
5 16 75 33 32 87 90 135 36
5 17 76 34 30 99 97 136 33
5 18 75 34 31 101 100 136 37
5 19 77 33 34 85 103 137 43
5 20 78 33 38 68 108 139 47
5 21 80 35 42 74 120 139 52
5 22 82 36 43 72 116 139 50
5 23 80 35 39 68 103 135 43
5 24 77 32 34 62 99 132 39
5 25 76 30 32 58 101 132 36
5 26 72 28 28 50 78 128 31
5 27 70 27 26 48 68 119 27
5 28 78 32 33 56 76 120 36
5 29 77 35 36 60 53 121 24
5 30 68 24 22 21 14 118 7
6 1 79 34 38 63 96 140 42
6 2 81 35 38 68 98 140 43
6 3 80 35 40 68 97 140 42
6 4 82 35 40 68 96 140 43
6 5 82 36 41 69 99 133 47
6 6 81 35 38 66 95 133 44
6 7 81 36 39 75 102 133 44
6 8 79 36 38 75 98 133 43
6 9 77 35 37 71 95 132 41
6 10 76 34 34 76 93 132 37
6 11 74 33 30 88 94 131 34
6 12 74 32 30 93 94 130 34
6 13 74 33 29 94 92 129 34
6 14 75 33 29 93 91 129 34
6 15 75 33 30 91 94 129 35
6 16 74 33 31 94 94 135 36
6 17 76 34 31 97 99 136 37
6 18 77 32 32 98 101 136 38
6 19 77 33 34 82 102 136 42
6 20 75 30 35 58 92 139 39
6 21 76 30 32 58 106 139 41
6 22 76 30 32 58 98 134 37
6 23 75 29 30 53 80 127 30
6 24 70 28 27 45 62 119 25
6 25 68 25 23 35 52 116 19
6 26 67 24 22 36 48 116 19
6 27 67 26 24 42 56 119 23
6 28 75 30 30 50 73 121 34
6 29 80 34 37 59 63 121 29
6 30 71 26 27 28 19 121 9
7 1 75 31 33 46 85 140 40
7 2 76 32 33 53 95 140 41
7 3 77 33 35 60 94 140 41
7 4 81 34 36 67 97 140 42
7 5 81 35 38 66 101 135 44
7 6 84 36 40 70 102 133 43
7 7 80 35 38 77 102 134 43
7 8 80 37 37 79 103 134 44
7 9 78 37 37 76 101 130 44
7 10 79 35 35 78 95 130 38
7 11 75 34 32 86 96 130 36
7 12 74 33 32 92 98 130 37
7 13 75 34 33 93 97 129 38
7 14 75 34 31 91 94 129 35
7 15 75 33 30 89 93 129 35
7 16 75 33 32 88 95 133 36
7 17 74 33 32 88 98 136 37
7 18 77 34 35 84 100 136 41
7 19 80 34 38 73 93 136 41
7 20 72 28 30 51 68 126 29
7 21 69 26 25 44 54 122 21
7 22 68 25 23 43 56 122 18
7 23 68 26 25 43 54 121 21
7 24 69 26 24 37 42 116 18
7 25 67 25 22 33 36 116 16
7 26 66 24 21 34 37 116 14
7 27 66 25 22 39 46 118 19
7 28 71 28 26 47 66 121 30
7 29 79 33 35 58 72 121 34
7 30 75 30 31 40 35 121 18
8 1 75 29 32 38 68 140 38
8 2 74 31 31 38 77 141 38
8 3 74 31 32 41 76 143 37
8 4 77 29 32 46 81 146 37
8 5 78 31 33 51 89 142 40
8 6 80 35 39 66 98 135 43
8 7 81 35 38 74 102 135 43
8 8 80 36 37 77 105 135 45
8 9 81 37 38 78 102 131 44
8 10 79 37 39 77 100 130 42
8 11 77 34 36 78 95 130 38
8 12 74 31 31 87 94 130 35
8 13 79 34 34 90 95 129 36
8 14 75 33 30 88 90 129 34
8 15 74 32 28 91 91 129 34
8 16 74 32 29 90 90 131 34
8 17 75 33 28 91 92 136 36
8 18 77 35 35 84 102 136 42
8 19 83 36 41 75 102 136 45
8 20 77 33 36 63 74 127 34
8 21 68 28 29 50 52 122 23
8 22 69 26 25 44 50 122 22
8 23 69 26 25 41 47 122 20
8 24 65 23 20 34 36 116 13
8 25 68 25 22 34 36 116 14
8 26 65 23 21 32 32 116 13
8 27 66 24 22 37 41 117 15
8 28 70 27 26 45 59 121 27
8 29 75 31 31 54 75 121 34
8 30 77 32 34 46 52 121 25
9 1 73 29 31 37 61 147 36
9 2 73 29 31 38 63 149 36
9 3 72 29 30 37 63 149 35
9 4 74 27 30 36 63 149 35
9 5 75 28 31 40 71 146 37
9 6 78 33 37 62 95 135 43
9 7 80 35 37 75 100 135 43
9 8 80 35 38 76 103 135 45
9 9 82 36 40 73 102 133 44
9 10 81 36 39 75 99 130 42
9 11 78 35 37 76 94 130 38
9 12 75 32 31 88 91 130 33
9 13 73 31 28 94 92 129 34
9 14 75 32 28 95 90 129 32
9 15 72 31 27 97 90 129 32
9 16 75 32 29 99 92 129 31
9 17 75 33 29 97 94 136 36
9 18 78 35 34 92 106 136 42
9 19 85 38 42 78 109 136 47
9 20 82 34 38 67 91 131 38
9 21 72 29 30 50 62 122 27
9 22 69 26 25 43 52 122 22
9 23 68 24 23 35 39 122 16
9 24 65 22 20 32 32 118 14
9 25 66 23 20 33 32 116 12
9 26 65 22 20 33 31 116 11
9 27 66 23 21 37 39 116 16
9 28 69 26 23 43 54 121 20
9 29 72 27 28 52 68 121 33
9 30 78 35 37 55 68 121 31
10 1 74 30 34 46 60 146 35
10 2 72 28 30 39 59 149 33
10 3 73 27 29 37 59 149 34
10 4 73 27 28 34 60 149 36
10 5 74 27 29 36 66 149 36
10 6 77 32 37 59 92 135 40
10 7 80 35 38 74 97 135 42
10 8 79 34 35 69 96 135 42
10 9 81 35 36 71 97 133 42
10 10 80 37 37 78 98 129 42
10 11 80 37 38 82 98 129 42
10 12 76 34 35 85 94 128 38
10 13 75 32 30 93 93 129 34
10 14 75 33 29 97 91 129 32
10 15 74 32 27 97 91 129 32
10 16 73 32 28 100 94 129 32
10 17 75 33 30 99 94 135 35
10 18 77 35 35 89 104 136 42
10 19 82 37 40 72 102 136 44
10 20 82 33 36 62 83 135 34
10 21 71 28 28 48 58 120 24
10 22 68 25 25 40 45 119 19
10 23 65 23 21 33 33 118 14
10 24 65 22 20 33 29 117 11
10 25 64 22 20 34 28 116 11
10 26 65 22 21 34 31 116 12
10 27 64 23 22 38 36 116 15
10 28 68 24 22 41 46 120 20
10 29 71 26 25 49 61 121 28
10 30 78 33 35 58 79 121 36
11 1 74 29 30 49 67 143 35
11 2 74 29 30 42 58 149 33
11 3 73 27 29 37 58 149 35
11 4 73 27 30 36 61 149 37
11 5 75 29 32 37 69 147 40
11 6 77 32 37 56 90 135 43
11 7 79 36 38 71 94 131 42
11 8 76 33 34 69 94 129 39
11 9 77 34 35 77 99 129 41
11 10 78 38 38 85 104 128 42
11 11 83 39 41 86 106 128 44
11 12 81 37 40 84 100 128 38
11 13 76 33 32 90 94 128 33
11 14 75 32 29 97 92 129 33
11 15 74 32 28 98 91 129 32
11 16 75 33 29 96 94 129 35
11 17 77 33 32 94 96 133 36
11 18 77 34 33 90 99 136 39
11 19 80 35 37 80 100 136 42
11 20 81 34 37 68 87 135 38
11 21 72 29 29 50 53 119 23
11 22 67 24 22 38 38 117 15
11 23 68 23 21 35 32 117 12
11 24 64 22 20 33 27 117 10
11 25 64 22 20 34 27 116 10
11 26 66 23 20 35 30 116 12
11 27 66 24 20 38 35 116 13
11 28 66 25 21 40 41 118 16
11 29 68 26 24 45 54 121 23
11 30 75 31 31 52 75 121 34
12 1 72 29 29 47 67 140 36
12 2 72 29 31 43 60 144 34
12 3 74 29 29 38 62 141 37
12 4 74 30 30 38 65 137 39
12 5 76 30 33 41 73 137 41
12 6 78 34 37 59 87 133 42
12 7 80 36 40 75 98 129 43
12 8 78 35 37 77 100 129 43
12 9 80 36 38 79 104 129 45
12 10 81 38 39 83 105 128 44
12 11 83 39 42 87 106 128 45
12 12 83 38 43 83 107 128 43
12 13 77 34 36 84 92 128 35
12 14 75 32 29 93 92 129 34
12 15 76 33 30 94 92 129 33
12 16 77 33 30 94 94 129 33
12 17 76 32 30 96 94 130 34
12 18 75 33 30 96 94 131 34
12 19 77 34 33 90 99 129 39
12 20 81 34 37 74 92 129 39
12 21 74 29 30 51 54 121 23
12 22 67 25 23 38 37 117 16
12 23 66 23 21 35 34 117 13
12 24 66 22 20 34 28 117 11
12 25 64 22 21 34 27 116 11
12 26 65 25 21 36 33 116 13
12 27 67 25 21 40 39 116 14
12 28 66 25 22 41 39 118 16
12 29 66 25 23 43 49 123 21
12 30 71 28 29 50 70 124 30
13 1 74 29 31 49 69 134 37
13 2 73 29 32 41 63 137 34
13 3 73 30 32 40 68 137 38
13 4 73 30 33 41 70 137 38
13 5 76 32 35 56 79 137 40
13 6 81 36 38 69 88 135 42
13 7 83 38 42 77 99 129 43
13 8 80 36 39 74 101 129 44
13 9 82 37 41 77 104 129 45
13 10 83 38 41 80 105 128 45
13 11 84 39 42 83 106 128 46
13 12 84 39 43 83 106 128 46
13 13 79 36 39 82 95 128 39
13 14 76 32 32 87 92 128 33
13 15 74 31 28 93 89 128 30
13 16 75 32 27 94 91 128 31
13 17 73 31 29 98 92 128 32
13 18 73 32 30 99 91 129 30
13 19 75 34 31 97 95 129 35
13 20 79 34 34 79 84 129 33
13 21 73 28 29 52 50 124 20
13 22 66 25 23 39 36 117 14
13 23 66 24 22 37 31 118 11
13 24 66 23 21 36 29 120 11
13 25 65 23 21 36 28 119 12
13 26 65 25 22 38 33 118 13
13 27 65 24 21 41 38 118 16
13 28 66 24 23 41 41 118 16
13 29 65 25 23 44 48 124 20
13 30 73 27 27 51 64 124 29
14 1 75 32 33 57 73 134 36
14 2 74 33 35 52 73 136 39
14 3 78 35 37 59 79 137 42
14 4 80 36 39 65 85 137 43
14 5 81 38 41 78 95 137 43
14 6 85 38 41 78 102 137 44
14 7 85 39 44 78 101 129 46
14 8 82 37 42 76 104 129 46
14 9 83 38 43 76 104 129 45
14 10 83 38 42 79 106 128 46
14 11 82 39 42 82 106 127 45
14 12 85 40 44 81 106 127 46
14 13 83 38 42 80 100 127 42
14 14 79 35 36 82 93 128 36
14 15 76 32 30 88 88 128 33
14 16 74 32 28 93 90 128 32
14 17 75 30 29 98 93 128 31
14 18 73 33 28 101 91 129 32
14 19 76 33 29 100 92 129 33
14 20 78 33 33 83 88 129 35
14 21 76 32 33 66 70 128 29
14 22 71 29 28 53 40 124 18
14 23 68 27 26 50 38 125 16
14 24 68 26 24 49 35 125 15
14 25 66 26 23 44 32 122 14
14 26 67 25 22 40 35 118 13
14 27 66 25 22 42 37 118 15
14 28 66 24 22 42 41 118 17
14 29 68 26 24 45 51 122 23
14 30 71 26 26 51 58 124 26
15 1 78 35 38 64 86 134 41
15 2 80 36 42 67 93 135 45
15 3 83 37 43 72 101 137 46
15 4 83 38 42 75 105 135 46
15 5 84 39 44 79 105 133 45
15 6 85 38 43 79 105 130 44
15 7 85 38 44 77 105 128 46
15 8 87 39 44 78 105 128 47
15 9 84 39 44 77 105 128 45
15 10 86 39 44 79 107 128 48
15 11 85 42 43 81 107 127 46
15 12 87 41 44 78 105 127 47
15 13 83 39 43 76 103 127 44
15 14 80 39 41 79 98 127 43
15 15 77 35 35 85 92 128 37
15 16 75 32 29 93 90 128 32
15 17 74 32 28 99 93 128 32
15 18 72 32 29 101 91 129 31
15 19 73 33 29 96 89 128 32
15 20 77 34 35 80 91 128 38
15 21 82 36 38 73 91 127 38
15 22 77 34 37 67 76 125 33
15 23 76 32 33 71 66 125 29
15 24 74 31 30 72 63 125 28
15 25 73 29 27 70 45 124 19
15 26 66 25 22 43 34 118 14
15 27 67 24 22 43 36 118 15
15 28 67 24 21 41 42 118 16
15 29 67 25 24 45 55 121 22
15 30 70 26 27 51 61 124 25
16 1 83 38 43 71 100 132 45
16 2 84 38 44 73 106 131 47
16 3 85 38 45 71 103 128 47
16 4 85 38 43 76 105 128 45
16 5 84 38 43 78 105 128 45
16 6 84 37 41 80 104 128 45
16 7 85 38 43 77 104 128 45
16 8 86 40 45 78 105 128 47
16 9 85 39 44 79 108 128 47
16 10 87 39 44 81 109 128 48
16 11 86 41 45 80 106 127 46
16 12 84 41 44 80 103 127 46
16 13 83 39 44 76 107 127 46
16 14 85 40 41 81 106 127 44
16 15 81 36 37 87 98 128 36
16 16 77 33 30 91 91 128 34
16 17 76 32 28 92 90 128 32
16 18 75 31 28 91 88 127 32
16 19 74 32 31 87 87 126 34
16 20 79 34 36 79 92 126 38
16 21 83 35 38 75 92 126 37
16 22 80 34 36 72 87 125 35
16 23 78 33 34 75 86 125 35
16 24 76 33 33 84 88 125 35
16 25 76 33 31 83 66 125 25
16 26 67 26 23 46 37 118 15
16 27 66 25 22 43 35 118 14
16 28 65 25 21 41 40 119 17
16 29 66 25 24 45 54 120 22
16 30 70 27 28 51 64 125 27
17 1 83 38 43 69 101 130 45
17 2 84 38 45 72 102 130 46
17 3 84 38 45 72 101 128 47
17 4 86 39 44 76 104 128 44
17 5 85 39 44 76 103 128 44
17 6 84 38 41 79 101 128 43
17 7 85 37 42 77 103 128 45
17 8 85 40 45 79 107 128 47
17 9 86 40 45 80 109 128 48
17 10 84 39 44 80 109 128 47
17 11 86 40 44 80 107 127 47
17 12 86 41 44 82 105 126 45
17 13 84 39 43 82 105 126 42
17 14 81 36 38 85 103 126 40
17 15 79 35 35 88 98 128 39
17 16 76 34 32 84 91 128 34
17 17 75 32 30 86 85 128 32
17 18 75 31 29 89 89 128 32
17 19 74 32 32 86 87 126 36
17 20 80 35 35 80 93 126 38
17 21 78 33 36 76 87 126 35
17 22 79 32 34 76 87 126 36
17 23 77 34 34 84 91 129 36
17 24 78 34 34 89 95 131 39
17 25 78 34 34 86 79 133 31
17 26 72 29 27 60 46 123 19
17 27 68 26 23 44 37 119 15
17 28 67 25 22 40 42 119 17
17 29 69 25 23 43 57 119 24
17 30 70 27 29 50 67 125 29
18 1 83 38 43 67 100 130 46
18 2 84 38 43 68 103 130 47
18 3 84 39 46 70 103 129 47
18 4 85 39 45 73 102 128 45
18 5 85 39 44 72 103 128 45
18 6 86 38 41 78 99 128 42
18 7 85 37 40 79 101 128 44
18 8 85 41 46 83 109 129 49
18 9 89 41 46 83 113 129 50
18 10 87 41 46 84 113 129 50
18 11 87 41 46 82 108 128 47
18 12 86 40 42 85 105 126 43
18 13 82 37 38 87 103 126 40
18 14 79 35 35 86 102 126 40
18 15 77 33 34 81 98 127 39
18 16 76 33 32 78 91 128 37
18 17 75 32 31 82 89 128 34
18 18 75 32 29 91 90 128 33
18 19 74 32 32 84 89 126 36
18 20 78 34 34 80 91 126 35
18 21 79 34 33 77 88 126 35
18 22 77 33 33 83 96 127 37
18 23 77 35 34 91 96 133 37
18 24 78 35 35 92 100 133 39
18 25 78 35 36 90 93 133 37
18 26 75 33 32 74 61 127 25
18 27 69 28 25 51 37 119 15
18 28 66 25 22 41 41 119 17
18 29 66 25 25 43 55 119 24
18 30 70 27 28 48 65 124 28
19 1 85 39 45 67 101 130 47
19 2 85 38 44 67 104 130 47
19 3 85 38 46 71 105 129 49
19 4 85 39 46 71 103 129 47
19 5 86 39 44 71 102 129 44
19 6 82 38 43 77 101 129 42
19 7 83 37 41 81 104 129 43
19 8 86 39 45 85 111 129 48
19 9 90 41 44 86 115 129 51
19 10 88 41 45 85 115 129 49
19 11 88 39 43 85 108 129 46
19 12 80 38 37 87 99 126 40
19 13 79 36 35 88 97 126 39
19 14 77 35 34 80 96 126 41
19 15 76 33 34 77 99 127 40
19 16 76 34 34 79 97 128 40
19 17 75 33 31 82 93 128 35
19 18 75 32 30 86 93 128 35
19 19 76 33 33 85 92 127 36
19 20 77 34 33 79 90 127 35
19 21 75 32 34 77 89 127 34
19 22 78 34 34 85 100 127 38
19 23 77 36 36 93 100 133 37
19 24 78 35 34 94 103 133 39
19 25 79 35 35 92 101 133 41
19 26 78 35 36 83 83 130 34
19 27 72 31 30 61 42 119 17
19 28 67 25 22 43 39 119 16
19 29 68 25 24 43 52 120 23
19 30 71 26 28 47 65 123 28
20 1 86 38 45 68 102 129 46
20 2 83 38 44 69 104 129 46
20 3 85 39 45 73 106 129 48
20 4 85 39 46 73 103 129 47
20 5 82 39 43 76 104 129 44
20 6 83 38 42 81 105 129 43
20 7 84 37 41 86 106 129 44
20 8 85 38 43 86 111 129 47
20 9 87 39 44 84 112 129 48
20 10 85 38 42 86 111 129 46
20 11 84 37 39 89 105 129 43
20 12 79 38 35 86 98 126 39
20 13 80 36 35 86 97 126 40
20 14 76 33 33 76 101 127 42
20 15 76 33 34 80 103 128 42
20 16 78 34 35 84 103 129 42
20 17 77 34 33 82 97 129 39
20 18 76 34 32 81 97 129 38
20 19 77 34 33 82 94 128 37
20 20 77 34 34 77 88 127 36
20 21 77 33 32 83 91 127 35
20 22 78 33 33 87 99 127 37
20 23 78 35 36 92 103 131 40
20 24 79 35 35 94 103 133 40
20 25 79 35 35 92 103 133 38
20 26 79 35 35 87 99 133 38
20 27 77 34 34 72 51 123 20
20 28 69 25 22 43 38 124 15
20 29 67 25 23 43 55 124 22
20 30 69 26 28 48 65 124 28
21 1 84 38 44 70 104 129 46
21 2 85 38 44 73 104 129 48
21 3 85 38 44 78 108 129 47
21 4 85 40 45 80 105 129 46
21 5 85 39 41 84 107 129 44
21 6 84 39 41 85 107 129 44
21 7 83 39 43 88 107 129 45
21 8 85 39 43 86 112 129 47
21 9 87 40 45 84 112 129 48
21 10 83 37 40 90 110 130 45
21 11 82 37 38 90 105 130 43
21 12 81 37 37 87 100 129 40
21 13 79 37 36 88 101 129 41
21 14 76 34 35 81 104 129 44
21 15 75 34 34 81 105 129 42
21 16 78 34 36 81 104 129 42
21 17 77 35 34 81 99 129 40
21 18 77 34 34 79 98 129 38
21 19 78 34 34 80 92 129 35
21 20 76 33 34 77 86 127 33
21 21 75 34 31 88 92 127 35
21 22 78 33 32 90 96 127 35
21 23 78 34 34 91 101 130 38
21 24 78 35 35 92 100 134 38
21 25 77 34 34 91 101 134 38
21 26 78 34 34 89 99 134 38
21 27 76 35 34 79 68 127 27
21 28 69 28 25 50 41 124 18
21 29 67 25 24 43 56 124 24
21 30 69 27 29 48 67 124 31
22 1 84 38 43 79 104 129 46
22 2 84 39 42 81 103 129 45
22 3 83 38 41 84 106 129 45
22 4 82 38 41 86 105 129 45
22 5 83 39 41 88 106 129 46
22 6 83 39 41 88 108 129 46
22 7 84 40 44 88 109 130 45
22 8 87 39 43 88 112 130 48
22 9 85 40 45 85 109 131 43
22 10 82 37 38 91 109 131 44
22 11 81 37 38 91 108 131 42
22 12 82 36 37 87 104 130 43
22 13 79 36 35 86 103 129 42
22 14 78 35 35 84 104 129 42
22 15 77 34 35 83 104 129 42
22 16 78 35 35 82 103 129 42
22 17 78 35 34 80 98 129 39
22 18 79 33 33 77 93 129 38
22 19 78 32 33 75 88 129 37
22 20 74 33 34 77 90 127 37
22 21 76 34 31 87 93 128 35
22 22 78 34 33 91 97 128 37
22 23 79 35 34 93 102 130 38
22 24 78 36 36 95 101 134 37
22 25 77 34 34 95 102 134 38
22 26 77 34 34 93 102 134 39
22 27 77 35 35 88 85 129 35
22 28 72 31 30 64 54 124 23
22 29 67 26 25 45 55 124 23
22 30 69 27 28 47 68 124 29
23 1 82 38 40 81 104 129 46
23 2 85 40 44 81 105 129 45
23 3 84 39 41 85 106 128 43
23 4 82 38 40 89 106 129 44
23 5 82 39 40 88 108 130 45
23 6 83 41 42 87 112 130 46
23 7 85 40 44 87 112 130 46
23 8 86 39 41 88 112 130 47
23 9 82 36 39 82 105 131 44
23 10 81 37 37 86 108 131 44
23 11 80 36 37 89 105 131 41
23 12 79 34 35 82 101 131 42
23 13 78 35 35 84 104 129 41
23 14 77 35 35 84 103 129 42
23 15 77 34 35 84 105 129 41
23 16 77 33 34 84 105 129 40
23 17 77 34 34 80 96 129 38
23 18 76 32 32 72 87 128 36
23 19 75 32 30 75 89 128 36
23 20 77 34 34 78 92 129 38
23 21 76 34 33 87 95 129 37
23 22 78 35 34 94 101 129 38
23 23 80 35 35 93 104 129 40
23 24 78 36 37 93 104 134 39
23 25 79 35 35 94 103 134 39
23 26 76 35 35 93 103 134 38
23 27 79 36 34 90 96 132 39
23 28 75 34 33 77 69 125 28
23 29 68 28 27 50 52 126 22
23 30 68 26 26 46 58 127 26
24 1 80 39 42 80 108 128 47
24 2 87 41 46 81 108 128 47
24 3 87 41 43 84 108 128 45
24 4 82 39 42 89 109 128 45
24 5 83 40 44 87 110 130 48
24 6 85 42 45 85 114 130 48
24 7 85 41 44 86 112 130 47
24 8 83 39 42 85 108 130 44
24 9 80 35 36 80 101 131 40
24 10 77 34 34 85 100 131 39
24 11 78 33 34 83 100 131 39
24 12 79 34 34 81 103 131 41
24 13 79 36 35 84 103 129 43
24 14 78 35 35 85 102 129 41
24 15 77 35 35 82 104 129 41
24 16 78 34 34 86 102 129 41
24 17 77 33 34 77 93 128 39
24 18 75 32 31 70 85 128 35
24 19 74 32 30 79 91 128 35
24 20 75 32 30 88 93 128 35
24 21 76 35 32 91 97 129 36
24 22 77 35 34 94 102 129 37
24 23 80 35 34 93 104 129 39
24 24 79 36 37 93 103 132 40
24 25 80 36 36 92 103 133 40
24 26 78 34 36 91 103 133 38
24 27 80 35 35 89 103 133 40
24 28 77 35 35 86 84 128 35
24 29 70 31 30 61 52 128 21
24 30 67 27 27 47 53 128 21
25 1 82 37 39 83 106 127 46
25 2 85 40 43 83 108 128 45
25 3 84 39 41 89 110 128 44
25 4 83 39 41 91 113 128 46
25 5 84 41 44 87 110 130 47
25 6 86 41 44 87 112 130 49
25 7 86 41 44 87 111 130 48
25 8 85 39 42 83 105 130 44
25 9 82 35 37 78 99 131 39
25 10 76 33 33 89 98 130 38
25 11 75 33 31 92 97 130 37
25 12 76 32 31 89 97 130 38
25 13 76 34 32 87 98 129 39
25 14 77 35 33 86 100 129 40
25 15 77 36 35 83 106 129 42
25 16 77 35 35 82 99 129 39
25 17 75 33 34 72 91 128 37
25 18 74 31 29 68 83 128 35
25 19 75 33 29 84 92 128 34
25 20 75 31 30 83 93 128 36
25 21 74 34 31 92 96 129 37
25 22 77 36 34 92 102 129 40
25 23 79 36 36 93 103 129 40
25 24 80 35 36 92 104 131 39
25 25 79 36 36 90 103 133 40
25 26 80 35 36 89 101 133 38
25 27 79 34 34 87 98 133 37
25 28 77 35 33 86 91 129 37
25 29 76 34 35 76 77 128 35
25 30 74 31 35 59 53 128 19
26 1 79 36 37 88 104 126 42
26 2 82 38 40 87 106 128 43
26 3 82 38 40 90 106 128 41
26 4 81 38 40 94 110 128 44
26 5 84 39 43 90 111 130 47
26 6 86 40 44 88 112 131 46
26 7 86 40 44 88 113 132 45
26 8 83 39 43 87 105 132 44
26 9 81 35 37 75 97 132 38
26 10 76 34 35 87 99 130 38
26 11 75 34 32 92 96 130 35
26 12 73 32 29 93 93 130 34
26 13 74 33 29 92 93 130 36
26 14 75 34 30 92 94 129 37
26 15 77 34 34 87 97 129 40
26 16 78 34 36 76 96 129 42
26 17 77 35 37 71 92 128 39
26 18 76 33 33 72 87 128 36
26 19 75 33 30 77 88 128 37
26 20 75 33 33 78 95 129 38
26 21 76 35 36 87 97 131 39
26 22 78 36 36 87 101 132 39
26 23 77 36 36 87 102 132 39
26 24 81 35 37 85 104 132 40
26 25 80 35 37 85 102 133 41
26 26 80 35 37 85 100 133 40
26 27 80 35 36 83 98 133 38
26 28 80 36 36 81 96 130 41
26 29 81 38 40 79 98 128 42
26 30 82 37 40 75 74 129 37
27 1 77 36 37 90 103 126 40
27 2 80 38 39 90 107 129 43
27 3 83 39 40 88 105 130 44
27 4 84 39 41 90 110 130 43
27 5 82 39 41 92 112 131 44
27 6 83 41 42 89 112 132 45
27 7 84 41 42 87 112 132 46
27 8 83 39 43 86 107 132 45
27 9 81 36 38 77 100 132 41
27 10 77 34 37 84 100 130 38
27 11 76 34 33 87 99 130 38
27 12 74 33 32 86 95 130 36
27 13 75 33 30 88 95 130 36
27 14 74 33 30 92 92 129 32
27 15 76 34 32 88 95 129 39
27 16 79 36 39 74 100 129 45
27 17 80 37 41 72 101 129 45
27 18 80 37 40 75 98 130 43
27 19 79 36 38 75 97 130 43
27 20 79 36 39 77 103 130 43
27 21 81 39 43 79 102 131 45
27 22 84 39 43 76 103 132 44
27 23 82 37 43 79 103 132 43
27 24 83 36 39 82 105 132 43
27 25 79 37 40 81 101 133 42
27 26 81 35 38 83 101 133 42
27 27 81 36 40 79 103 134 43
27 28 83 37 42 77 105 135 47
27 29 85 40 44 76 107 136 47
27 30 84 38 45 76 102 137 47
28 1 79 37 38 88 102 127 41
28 2 80 38 38 94 109 130 43
28 3 82 39 41 89 107 130 43
28 4 83 40 41 89 110 130 45
28 5 82 38 40 92 112 130 45
28 6 83 39 41 90 110 132 45
28 7 84 39 41 86 113 132 47
28 8 82 38 40 81 107 132 45
28 9 81 36 39 76 100 132 41
28 10 79 34 35 81 100 131 39
28 11 77 34 34 84 100 130 40
28 12 77 33 33 80 97 130 39
28 13 76 32 31 83 94 131 36
28 14 74 34 29 89 90 129 37
28 15 79 36 39 79 100 129 44
28 16 83 38 44 70 101 129 46
28 17 83 38 44 71 102 129 46
28 18 83 38 44 75 103 130 46
28 19 83 37 42 78 102 130 45
28 20 82 38 42 78 107 130 46
28 21 84 39 46 80 110 131 48
28 22 87 41 46 80 110 132 48
28 23 86 39 44 82 109 132 46
28 24 85 37 42 82 108 132 45
28 25 82 38 42 81 104 135 44
28 26 84 38 42 79 105 137 46
28 27 83 37 44 74 108 137 46
28 28 83 38 44 73 110 137 49
28 29 86 38 45 70 108 137 47
28 30 85 38 47 73 111 137 49
29 1 80 37 38 87 106 127 42
29 2 81 38 39 94 109 129 42
29 3 81 38 37 93 107 130 44
29 4 82 37 37 92 108 130 42
29 5 81 37 38 91 111 130 44
29 6 78 36 38 87 103 132 42
29 7 78 36 36 80 106 132 44
29 8 78 36 35 81 104 131 43
29 9 81 36 38 74 99 131 41
29 10 81 34 35 79 101 130 39
29 11 76 32 32 83 97 131 37
29 12 76 32 30 84 93 131 36
29 13 75 31 30 82 92 131 37
29 14 76 34 34 77 98 130 44
29 15 83 38 42 72 102 129 49
29 16 85 39 45 70 103 129 48
29 17 83 37 44 69 101 129 46
29 18 83 38 45 75 106 130 46
29 19 84 37 42 78 105 130 46
29 20 83 38 41 77 107 130 46
29 21 87 40 46 78 112 130 48
29 22 86 40 47 79 107 132 45
29 23 85 38 43 80 108 132 44
29 24 85 38 43 81 108 132 45
29 25 87 38 45 75 108 134 47
29 26 87 40 48 68 109 137 50
29 27 85 38 46 67 109 137 49
29 28 83 38 44 67 107 137 48
29 29 85 39 47 69 109 137 49
29 30 84 40 48 73 112 137 50
30 1 79 37 39 86 107 127 43
30 2 80 38 38 91 111 128 43
30 3 80 37 37 89 106 130 42
30 4 79 36 35 90 103 130 39
30 5 78 35 35 92 104 131 40
30 6 78 34 34 91 99 130 39
30 7 76 35 33 89 101 130 40
30 8 77 34 32 90 101 130 39
30 9 78 34 37 80 99 130 43
30 10 79 32 35 77 99 130 39
30 11 75 32 33 81 94 131 39
30 12 75 32 30 84 92 131 36
30 13 74 32 31 84 91 131 38
30 14 79 34 37 72 95 130 45
30 15 82 37 40 70 99 129 46
30 16 83 38 42 70 102 129 46
30 17 83 38 43 70 101 129 45
30 18 82 38 42 75 104 130 44
30 19 83 37 40 79 107 130 45
30 20 84 37 40 77 107 130 46
30 21 87 40 46 77 113 130 49
30 22 85 41 47 78 105 131 46
30 23 84 38 42 76 104 130 44
30 24 83 37 42 74 105 129 45
30 25 86 38 46 67 107 130 49
30 26 86 39 49 65 108 137 51
30 27 85 38 47 66 109 137 50
30 28 82 37 46 65 110 137 50
30 29 82 38 47 66 114 137 50
30 30 84 38 47 70 112 139 50
